1 0.000000
2 0.000000
3 0.000000
4 0.000000
5 0.000000
6 0.000000
7 0.000000
8 0.000000
9 0.000000
10 0.000000
11 0.000000
12 0.000000
13 0.000000
14 0.000000
15 0.000000
16 0.000000
17 0.000000
18 0.000000
19 0.000000
20 0.000000
21 0.000000
22 0.010000
23 0.000000
24 0.000000
25 0.000000
26 0.000000
27 0.000000
28 0.000000
29 0.000000
30 0.000000
31 0.000000
32 0.010000
33 0.000000
34 0.000000
35 0.000000
36 0.000000
37 0.000000
38 0.000000
39 0.000000
40 0.000000
41 0.010000
42 0.000000
43 0.000000
44 0.000000
45 0.000000
46 0.010000
47 0.000000
48 0.000000
49 0.000000
50 0.000000
51 0.010000
52 0.000000
53 0.000000
54 0.010000
55 0.000000
56 0.000000
57 0.000000
58 0.010000
59 0.000000
60 0.000000
61 0.010000
62 0.000000
63 0.000000
64 0.010000
65 0.000000
66 0.010000
67 0.000000
68 0.000000
69 0.010000
70 0.000000
71 0.010000
72 0.000000
73 0.000000
74 0.010000
75 0.010000
76 0.000000
77 0.010000
78 0.000000
79 0.010000
80 0.000000
81 0.010000
82 0.010000
83 0.000000
84 0.010000
85 0.010000
86 0.000000
87 0.010000
88 0.010000
89 0.000000
90 0.010000
91 0.010000
92 0.000000
93 0.010000
94 0.010000
95 0.010000
96 0.010000
97 0.000000
98 0.010000
99 0.010000
100 0.010000
101 0.010000
102 0.010000
103 0.010000
104 0.010000
105 0.010000
106 0.010000
107 0.010000
108 0.010000
109 0.010000
110 0.010000
111 0.010000
112 0.010000
113 0.010000
114 0.010000
115 0.000000
116 0.020000
117 0.010000
118 0.010000
119 0.020000
120 0.010000
121 0.010000
122 0.010000
123 0.020000
124 0.010000
125 0.010000
126 0.010000
127 0.010000
128 0.020000
129 0.010000
130 0.010000
131 0.020000
132 0.020000
133 0.010000
134 0.020000
135 0.010000
136 0.020000
137 0.020000
138 0.010000
139 0.020000
140 0.020000
141 0.010000
142 0.020000
143 0.020000
144 0.020000
145 0.020000
146 0.020000
147 0.020000
148 0.020000
149 0.020000
150 0.020000
151 0.020000
152 0.020000
153 0.020000
154 0.020000
155 0.020000
156 0.020000
157 0.020000
158 0.030000
159 0.020000
160 0.020000
161 0.030000
162 0.020000
163 0.020000
164 0.030000
165 0.020000
166 0.030000
167 0.020000
168 0.020000
169 0.030000
170 0.030000
171 0.020000
172 0.030000
173 0.020000
174 0.030000
175 0.020000
176 0.020000
177 0.030000
178 0.030000
179 0.030000
180 0.020000
181 0.030000
182 0.030000
183 0.030000
184 0.030000
185 0.030000
186 0.030000
187 0.030000
188 0.030000
189 0.030000
190 0.020000
191 0.040000
192 0.030000
193 0.030000
194 0.040000
195 0.030000
196 0.030000
197 0.040000
198 0.030000
199 0.030000
200 0.040000
201 0.030000
202 0.040000
203 0.030000
204 0.040000
205 0.040000
206 0.040000
207 0.030000
208 0.040000
209 0.040000
210 0.040000
211 0.040000
212 0.030000
213 0.040000
214 0.040000
215 0.040000
216 0.050000
217 0.040000
218 0.040000
219 0.040000
220 0.040000
221 0.050000
222 0.040000
223 0.040000
224 0.040000
225 0.050000
226 0.040000
227 0.050000
228 0.040000
229 0.050000
230 0.040000
231 0.050000
232 0.050000
233 0.040000
234 0.040000
235 0.050000
236 0.050000
237 0.050000
238 0.050000
239 0.050000
240 0.050000
241 0.050000
242 0.050000
243 0.050000
244 0.050000
245 0.060000
246 0.050000
247 0.050000
248 0.060000
249 0.050000
250 0.060000
251 0.050000
252 0.060000
253 0.060000
254 0.050000
255 0.060000
256 0.060000
257 0.050000
258 0.060000
259 0.060000
260 0.060000
261 0.070000
262 0.060000
263 0.060000
264 0.060000
265 0.060000
266 0.070000
267 0.060000
268 0.060000
269 0.070000
270 0.060000
271 0.070000
272 0.060000
273 0.060000
274 0.070000
275 0.070000
276 0.060000
277 0.070000
278 0.070000
279 0.070000
280 0.070000
281 0.070000
282 0.070000
283 0.070000
284 0.070000
285 0.070000
286 0.070000
287 0.070000
288 0.060000
289 0.070000
290 0.070000
291 0.070000
292 0.080000
293 0.080000
294 0.070000
295 0.070000
296 0.080000
297 0.080000
298 0.080000
299 0.070000
300 0.080000
301 0.080000
302 0.080000
303 0.080000
304 0.080000
305 0.080000
306 0.080000
307 0.080000
308 0.080000
309 0.080000
310 0.080000
311 0.080000
312 0.080000
313 0.090000
314 0.090000
315 0.080000
316 0.090000
317 0.100000
318 0.090000
319 0.080000
320 0.090000
321 0.090000
322 0.090000
323 0.090000
324 0.100000
325 0.100000
326 0.100000
327 0.100000
328 0.100000
329 0.100000
330 0.100000
331 0.100000
332 0.100000
333 0.100000
334 0.100000
335 0.100000
336 0.100000
337 0.100000
338 0.100000
339 0.100000
340 0.110000
341 0.100000
342 0.110000
343 0.100000
344 0.100000
345 0.110000
346 0.100000
347 0.110000
348 0.100000
349 0.100000
350 0.110000
351 0.110000
352 0.110000
353 0.110000
354 0.100000
355 0.110000
356 0.110000
357 0.110000
358 0.110000
359 0.110000
360 0.110000
361 0.120000
362 0.110000
363 0.120000
364 0.110000
365 0.120000
366 0.120000
367 0.110000
368 0.120000
369 0.120000
370 0.120000
371 0.120000
372 0.120000
373 0.130000
374 0.130000
375 0.130000
376 0.140000
377 0.140000
378 0.130000
379 0.120000
380 0.130000
381 0.140000
382 0.130000
383 0.140000
384 0.120000
385 0.130000
386 0.130000
387 0.130000
388 0.130000
389 0.140000
390 0.130000
391 0.130000
392 0.140000
393 0.130000
394 0.140000
395 0.140000
396 0.130000
397 0.150000
398 0.140000
399 0.140000
400 0.150000
401 0.140000
402 0.140000
403 0.140000
404 0.140000
405 0.150000
406 0.140000
407 0.140000
408 0.140000
409 0.140000
410 0.150000
411 0.150000
412 0.150000
413 0.150000
414 0.150000
415 0.150000
416 0.150000
417 0.150000
418 0.150000
419 0.150000
420 0.160000
421 0.150000
422 0.160000
423 0.150000
424 0.160000
425 0.160000
426 0.150000
427 0.160000
428 0.160000
429 0.170000
430 0.160000
431 0.170000
432 0.160000
433 0.160000
434 0.170000
435 0.160000
436 0.170000
437 0.160000
438 0.160000
439 0.170000
440 0.170000
441 0.190000
442 0.190000
443 0.180000
444 0.170000
445 0.170000
446 0.180000
447 0.170000
448 0.180000
449 0.170000
450 0.180000
451 0.180000
452 0.180000
453 0.180000
454 0.180000
455 0.180000
456 0.180000
457 0.190000
458 0.180000
459 0.180000
460 0.180000
461 0.190000
462 0.180000
463 0.180000
464 0.190000
465 0.190000
466 0.180000
467 0.190000
468 0.190000
469 0.190000
470 0.190000
471 0.200000
472 0.190000
473 0.200000
474 0.190000
475 0.200000
476 0.200000
477 0.200000
478 0.200000
479 0.200000
480 0.200000
481 0.200000
482 0.200000
483 0.200000
484 0.200000
485 0.200000
486 0.200000
487 0.210000
488 0.210000
489 0.210000
490 0.210000
491 0.210000
492 0.210000
493 0.210000
494 0.220000
495 0.210000
496 0.220000
497 0.220000
498 0.210000
499 0.210000
500 0.220000
501 0.220000
502 0.220000
503 0.220000
504 0.220000
505 0.220000
506 0.230000
507 0.220000
508 0.230000
509 0.230000
510 0.230000
511 0.220000
512 0.220000
513 0.220000
514 0.230000
515 0.220000
516 0.230000
517 0.220000
518 0.240000
519 0.230000
520 0.230000
521 0.240000
522 0.230000
523 0.240000
524 0.240000
525 0.230000
526 0.240000
527 0.240000
528 0.230000
529 0.250000
530 0.240000
531 0.250000
532 0.250000
533 0.250000
534 0.240000
535 0.260000
536 0.250000
537 0.250000
538 0.260000
539 0.260000
540 0.250000
541 0.260000
542 0.260000
543 0.250000
544 0.270000
545 0.250000
546 0.260000
547 0.280000
548 0.260000
549 0.260000
550 0.270000
551 0.290000
552 0.280000
553 0.280000
554 0.270000
555 0.270000
556 0.260000
557 0.270000
558 0.280000
559 0.290000
560 0.280000
561 0.280000
562 0.270000
563 0.280000
564 0.280000
565 0.270000
566 0.290000
567 0.310000
568 0.300000
569 0.290000
570 0.290000
571 0.280000
572 0.290000
573 0.300000
574 0.290000
575 0.290000
576 0.290000
577 0.300000
578 0.280000
579 0.290000
580 0.300000
581 0.290000
582 0.300000
583 0.300000
584 0.300000
585 0.300000
586 0.300000
587 0.300000
588 0.300000
589 0.300000
590 0.300000
591 0.300000
592 0.300000
593 0.310000
594 0.300000
595 0.310000
596 0.300000
597 0.320000
598 0.310000
599 0.310000
600 0.300000
601 0.310000
602 0.320000
603 0.320000
604 0.320000
605 0.320000
606 0.320000
607 0.360000
608 0.320000
609 0.350000
610 0.330000
611 0.330000
612 0.330000
613 0.330000
614 0.320000
615 0.320000
616 0.330000
617 0.320000
618 0.330000
619 0.330000
620 0.340000
621 0.330000
622 0.340000
623 0.350000
624 0.380000
625 0.360000
626 0.350000
627 0.350000
628 0.360000
629 0.340000
630 0.350000
631 0.360000
632 0.350000
633 0.360000
634 0.360000
635 0.380000
636 0.360000
637 0.420000
638 0.360000
639 0.370000
640 0.370000
641 0.370000
642 0.380000
643 0.360000
644 0.370000
645 0.360000
646 0.370000
647 0.360000
648 0.370000
649 0.360000
650 0.370000
651 0.360000
652 0.360000
653 0.370000
654 0.370000
655 0.380000
656 0.370000
657 0.390000
658 0.380000
659 0.390000
660 0.390000
661 0.410000
662 0.390000
663 0.390000
664 0.390000
665 0.390000
666 0.390000
667 0.390000
668 0.390000
669 0.390000
670 0.400000
671 0.390000
672 0.390000
673 0.390000
674 0.390000
675 0.390000
676 0.400000
677 0.400000
678 0.460000
679 0.430000
680 0.400000
681 0.400000
682 0.410000
683 0.400000
684 0.400000
685 0.400000
686 0.400000
687 0.410000
688 0.440000
689 0.470000
690 0.440000
691 0.470000
692 0.450000
693 0.440000
694 0.450000
695 0.440000
696 0.440000
697 0.420000
698 0.430000
699 0.430000
700 0.430000
701 0.430000
702 0.440000
703 0.440000
704 0.440000
705 0.440000
706 0.440000
707 0.440000
708 0.450000
709 0.440000
710 0.440000
711 0.440000
712 0.450000
713 0.470000
714 0.450000
715 0.450000
716 0.470000
717 0.510000
718 0.470000
719 0.460000
720 0.450000
721 0.450000
722 0.460000
723 0.470000
724 0.460000
725 0.460000
726 0.480000
727 0.500000
728 0.460000
729 0.480000
730 0.490000
731 0.470000
732 0.470000
733 0.480000
734 0.490000
735 0.500000
736 0.510000
737 0.510000
738 0.480000
739 0.480000
740 0.480000
741 0.470000
742 0.490000
743 0.480000
744 0.480000
745 0.480000
746 0.480000
747 0.490000
748 0.490000
749 0.500000
750 0.500000
751 0.490000
752 0.490000
753 0.500000
754 0.500000
755 0.510000
756 0.500000
757 0.500000
758 0.500000
759 0.500000
760 0.510000
761 0.500000
762 0.520000
763 0.510000
764 0.510000
765 0.500000
766 0.520000
767 0.510000
768 0.510000
769 0.520000
770 0.520000
771 0.520000
772 0.520000
773 0.530000
774 0.520000
775 0.530000
776 0.520000
777 0.540000
778 0.530000
779 0.540000
780 0.530000
781 0.540000
782 0.540000
783 0.540000
784 0.540000
785 0.550000
786 0.550000
787 0.540000
788 0.550000
789 0.560000
790 0.590000
791 0.580000
792 0.610000
793 0.590000
794 0.590000
795 0.600000
796 0.590000
797 0.600000
798 0.600000
799 0.610000
800 0.600000
801 0.620000
802 0.590000
803 0.570000
804 0.590000
805 0.590000
806 0.590000
807 0.580000
808 0.580000
809 0.580000
810 0.580000
811 0.580000
812 0.580000
813 0.570000
814 0.580000
815 0.590000
816 0.620000
817 0.610000
818 0.600000
819 0.610000
820 0.600000
821 0.610000
822 0.640000
823 0.640000
824 0.640000
825 0.620000
826 0.600000
827 0.610000
828 0.610000
829 0.600000
830 0.620000
831 0.610000
832 0.610000
833 0.620000
834 0.610000
835 0.630000
836 0.620000
837 0.610000
838 0.650000
839 0.620000
840 0.620000
841 0.640000
842 0.640000
843 0.640000
844 0.620000
845 0.630000
846 0.630000
847 0.640000
848 0.630000
849 0.650000
850 0.640000
851 0.650000
852 0.650000
853 0.660000
854 0.650000
855 0.660000
856 0.680000
857 0.680000
858 0.670000
859 0.640000
860 0.660000
861 0.650000
862 0.650000
863 0.690000
864 0.700000
865 0.670000
866 0.690000
867 0.700000
868 0.700000
869 0.680000
870 0.670000
871 0.670000
872 0.680000
873 0.670000
874 0.670000
875 0.680000
876 0.670000
877 0.690000
878 0.680000
879 0.700000
880 0.690000
881 0.690000
882 0.700000
883 0.700000
884 0.690000
885 0.700000
886 0.700000
887 0.700000
888 0.700000
889 0.690000
890 0.700000
891 0.700000
892 0.700000
893 0.690000
894 0.690000
895 0.700000
896 0.710000
897 0.720000
898 0.700000
899 0.710000
900 0.730000
901 0.750000
902 0.720000
903 0.710000
904 0.710000
905 0.710000
906 0.720000
907 0.730000
908 0.720000
909 0.740000
910 0.760000
911 0.770000
912 0.740000
913 0.730000
914 0.770000
915 0.750000
916 0.730000
917 0.740000
918 0.780000
919 0.750000
920 0.750000
921 0.780000
922 0.760000
923 0.760000
924 0.760000
925 0.760000
926 0.760000
927 0.760000
928 0.750000
929 0.760000
930 0.770000
931 0.780000
932 0.760000
933 0.780000
934 0.760000
935 0.770000
936 0.760000
937 0.780000
938 0.810000
939 0.770000
940 0.770000
941 0.780000
942 0.780000
943 0.780000
944 0.770000
945 0.770000
946 0.780000
947 0.770000
948 0.790000
949 0.820000
950 0.810000
951 0.810000
952 0.820000
953 0.860000
954 0.820000
955 0.800000
956 0.800000
957 0.810000
958 0.850000
959 0.830000
960 0.810000
961 0.810000
962 0.860000
963 0.870000
964 0.830000
965 0.820000
966 0.820000
967 0.820000
968 0.830000
969 0.820000
970 0.830000
971 0.870000
972 0.860000
973 0.840000
974 0.870000
975 0.890000
976 0.860000
977 0.860000
978 0.850000
979 0.890000
980 0.920000
981 0.880000
982 0.840000
983 0.860000
984 0.850000
985 0.860000
986 0.860000
987 0.860000
988 0.860000
989 0.870000
990 0.860000
991 0.860000
992 0.850000
993 0.850000
994 0.880000
995 0.910000
996 0.920000
997 0.880000
998 0.890000
999 0.870000
