1 0.000000
2 0.000000
3 0.000000
4 0.000000
5 0.000000
6 0.000000
7 0.000000
8 0.000000
9 0.000000
10 0.000000
11 0.000000
12 0.000000
13 0.010000
14 0.000000
15 0.000000
16 0.000000
17 0.000000
18 0.000000
19 0.000000
20 0.000000
21 0.000000
22 0.000000
23 0.000000
24 0.000000
25 0.000000
26 0.000000
27 0.000000
28 0.000000
29 0.000000
30 0.000000
31 0.000000
32 0.000000
33 0.000000
34 0.010000
35 0.000000
36 0.000000
37 0.000000
38 0.000000
39 0.010000
40 0.000000
41 0.000000
42 0.000000
43 0.000000
44 0.000000
45 0.000000
46 0.000000
47 0.000000
48 0.000000
49 0.000000
50 0.010000
51 0.000000
52 0.000000
53 0.010000
54 0.000000
55 0.000000
56 0.000000
57 0.010000
58 0.000000
59 0.000000
60 0.010000
61 0.000000
62 0.000000
63 0.010000
64 0.000000
65 0.010000
66 0.000000
67 0.000000
68 0.010000
69 0.000000
70 0.010000
71 0.000000
72 0.010000
73 0.000000
74 0.010000
75 0.010000
76 0.000000
77 0.010000
78 0.000000
79 0.010000
80 0.000000
81 0.010000
82 0.010000
83 0.000000
84 0.010000
85 0.010000
86 0.000000
87 0.010000
88 0.010000
89 0.000000
90 0.010000
91 0.010000
92 0.000000
93 0.010000
94 0.010000
95 0.010000
96 0.010000
97 0.010000
98 0.010000
99 0.000000
100 0.010000
101 0.010000
102 0.010000
103 0.010000
104 0.010000
105 0.010000
106 0.010000
107 0.000000
108 0.010000
109 0.010000
110 0.010000
111 0.010000
112 0.010000
113 0.010000
114 0.020000
115 0.010000
116 0.010000
117 0.010000
118 0.010000
119 0.020000
120 0.010000
121 0.010000
122 0.010000
123 0.020000
124 0.010000
125 0.000000
126 0.020000
127 0.010000
128 0.010000
129 0.020000
130 0.010000
131 0.020000
132 0.010000
133 0.020000
134 0.010000
135 0.020000
136 0.010000
137 0.020000
138 0.020000
139 0.010000
140 0.020000
141 0.020000
142 0.020000
143 0.010000
144 0.020000
145 0.020000
146 0.020000
147 0.010000
148 0.020000
149 0.020000
150 0.020000
151 0.020000
152 0.020000
153 0.020000
154 0.020000
155 0.020000
156 0.030000
157 0.020000
158 0.010000
159 0.030000
160 0.020000
161 0.020000
162 0.020000
163 0.030000
164 0.020000
165 0.020000
166 0.020000
167 0.030000
168 0.020000
169 0.030000
170 0.020000
171 0.020000
172 0.020000
173 0.030000
174 0.030000
175 0.020000
176 0.030000
177 0.030000
178 0.020000
179 0.030000
180 0.030000
181 0.020000
182 0.030000
183 0.030000
184 0.030000
185 0.030000
186 0.030000
187 0.030000
188 0.030000
189 0.030000
190 0.040000
191 0.030000
192 0.030000
193 0.030000
194 0.030000
195 0.030000
196 0.030000
197 0.030000
198 0.030000
199 0.040000
200 0.030000
201 0.030000
202 0.040000
203 0.030000
204 0.040000
205 0.030000
206 0.040000
207 0.040000
208 0.030000
209 0.050000
210 0.030000
211 0.040000
212 0.040000
213 0.040000
214 0.040000
215 0.040000
216 0.040000
217 0.040000
218 0.040000
219 0.040000
220 0.040000
221 0.030000
222 0.040000
223 0.040000
224 0.050000
225 0.040000
226 0.040000
227 0.050000
228 0.040000
229 0.040000
230 0.050000
231 0.040000
232 0.050000
233 0.040000
234 0.050000
235 0.050000
236 0.040000
237 0.050000
238 0.050000
239 0.050000
240 0.050000
241 0.040000
242 0.060000
243 0.040000
244 0.060000
245 0.040000
246 0.050000
247 0.050000
248 0.050000
249 0.050000
250 0.050000
251 0.060000
252 0.050000
253 0.050000
254 0.060000
255 0.050000
256 0.060000
257 0.050000
258 0.060000
259 0.060000
260 0.060000
261 0.050000
262 0.060000
263 0.060000
264 0.060000
265 0.060000
266 0.050000
267 0.060000
268 0.070000
269 0.060000
270 0.060000
271 0.060000
272 0.070000
273 0.060000
274 0.060000
275 0.060000
276 0.070000
277 0.070000
278 0.060000
279 0.070000
280 0.070000
281 0.060000
282 0.070000
283 0.070000
284 0.070000
285 0.070000
286 0.060000
287 0.080000
288 0.060000
289 0.080000
290 0.070000
291 0.070000
292 0.080000
293 0.070000
294 0.070000
295 0.080000
296 0.070000
297 0.070000
298 0.080000
299 0.080000
300 0.070000
301 0.080000
302 0.080000
303 0.070000
304 0.080000
305 0.080000
306 0.080000
307 0.080000
308 0.080000
309 0.070000
310 0.080000
311 0.080000
312 0.090000
313 0.080000
314 0.080000
315 0.080000
316 0.080000
317 0.090000
318 0.090000
319 0.080000
320 0.090000
321 0.080000
322 0.100000
323 0.080000
324 0.090000
325 0.090000
326 0.090000
327 0.090000
328 0.090000
329 0.090000
330 0.090000
331 0.090000
332 0.090000
333 0.090000
334 0.090000
335 0.100000
336 0.090000
337 0.090000
338 0.100000
339 0.100000
340 0.090000
341 0.100000
342 0.090000
343 0.100000
344 0.090000
345 0.100000
346 0.100000
347 0.100000
348 0.100000
349 0.110000
350 0.100000
351 0.100000
352 0.110000
353 0.100000
354 0.100000
355 0.110000
356 0.110000
357 0.100000
358 0.100000
359 0.110000
360 0.110000
361 0.110000
362 0.110000
363 0.110000
364 0.110000
365 0.120000
366 0.120000
367 0.120000
368 0.120000
369 0.120000
370 0.120000
371 0.110000
372 0.120000
373 0.110000
374 0.120000
375 0.110000
376 0.120000
377 0.120000
378 0.120000
379 0.120000
380 0.120000
381 0.120000
382 0.120000
383 0.120000
384 0.130000
385 0.130000
386 0.120000
387 0.130000
388 0.120000
389 0.130000
390 0.120000
391 0.130000
392 0.130000
393 0.130000
394 0.130000
395 0.130000
396 0.130000
397 0.140000
398 0.130000
399 0.130000
400 0.130000
401 0.140000
402 0.140000
403 0.140000
404 0.140000
405 0.130000
406 0.140000
407 0.140000
408 0.150000
409 0.140000
410 0.140000
411 0.140000
412 0.140000
413 0.150000
414 0.150000
415 0.140000
416 0.150000
417 0.140000
418 0.150000
419 0.150000
420 0.150000
421 0.150000
422 0.150000
423 0.150000
424 0.150000
425 0.160000
426 0.150000
427 0.150000
428 0.160000
429 0.150000
430 0.160000
431 0.160000
432 0.150000
433 0.160000
434 0.160000
435 0.160000
436 0.170000
437 0.160000
438 0.160000
439 0.160000
440 0.160000
441 0.160000
442 0.170000
443 0.170000
444 0.160000
445 0.160000
446 0.170000
447 0.170000
448 0.170000
449 0.170000
450 0.180000
451 0.170000
452 0.180000
453 0.170000
454 0.170000
455 0.180000
456 0.170000
457 0.180000
458 0.170000
459 0.170000
460 0.180000
461 0.170000
462 0.180000
463 0.180000
464 0.180000
465 0.180000
466 0.190000
467 0.180000
468 0.180000
469 0.180000
470 0.190000
471 0.180000
472 0.190000
473 0.190000
474 0.190000
475 0.180000
476 0.190000
477 0.190000
478 0.200000
479 0.190000
480 0.190000
481 0.200000
482 0.200000
483 0.190000
484 0.200000
485 0.200000
486 0.200000
487 0.210000
488 0.200000
489 0.200000
490 0.200000
491 0.200000
492 0.200000
493 0.200000
494 0.210000
495 0.210000
496 0.200000
497 0.200000
498 0.210000
499 0.210000
500 0.210000
501 0.210000
502 0.210000
503 0.210000
504 0.210000
505 0.220000
506 0.210000
507 0.210000
508 0.210000
509 0.220000
510 0.220000
511 0.220000
512 0.220000
513 0.220000
514 0.210000
515 0.220000
516 0.220000
517 0.220000
518 0.230000
519 0.220000
520 0.230000
521 0.220000
522 0.230000
523 0.230000
524 0.230000
525 0.230000
526 0.240000
527 0.230000
528 0.230000
529 0.230000
530 0.240000
531 0.230000
532 0.240000
533 0.240000
534 0.230000
535 0.250000
536 0.230000
537 0.250000
538 0.250000
539 0.260000
540 0.260000
541 0.260000
542 0.240000
543 0.250000
544 0.250000
545 0.250000
546 0.270000
547 0.280000
548 0.260000
549 0.250000
550 0.260000
551 0.260000
552 0.260000
553 0.260000
554 0.250000
555 0.240000
556 0.260000
557 0.260000
558 0.260000
559 0.260000
560 0.260000
561 0.260000
562 0.260000
563 0.250000
564 0.260000
565 0.270000
566 0.270000
567 0.260000
568 0.270000
569 0.270000
570 0.270000
571 0.270000
572 0.260000
573 0.270000
574 0.280000
575 0.270000
576 0.280000
577 0.280000
578 0.280000
579 0.280000
580 0.290000
581 0.280000
582 0.290000
583 0.290000
584 0.290000
585 0.290000
586 0.290000
587 0.290000
588 0.290000
589 0.300000
590 0.290000
591 0.310000
592 0.290000
593 0.300000
594 0.280000
595 0.290000
596 0.300000
597 0.300000
598 0.290000
599 0.300000
600 0.300000
601 0.300000
602 0.300000
603 0.300000
604 0.300000
605 0.310000
606 0.300000
607 0.300000
608 0.310000
609 0.310000
610 0.300000
611 0.310000
612 0.320000
613 0.320000
614 0.320000
615 0.320000
616 0.320000
617 0.330000
618 0.310000
619 0.320000
620 0.330000
621 0.310000
622 0.320000
623 0.330000
624 0.310000
625 0.330000
626 0.320000
627 0.320000
628 0.320000
629 0.330000
630 0.330000
631 0.330000
632 0.340000
633 0.340000
634 0.330000
635 0.340000
636 0.340000
637 0.340000
638 0.340000
639 0.340000
640 0.340000
641 0.340000
642 0.350000
643 0.350000
644 0.360000
645 0.350000
646 0.350000
647 0.360000
648 0.360000
649 0.350000
650 0.350000
651 0.360000
652 0.350000
653 0.360000
654 0.350000
655 0.370000
656 0.360000
657 0.360000
658 0.360000
659 0.360000
660 0.360000
661 0.360000
662 0.360000
663 0.350000
664 0.370000
665 0.360000
666 0.370000
667 0.360000
668 0.380000
669 0.370000
670 0.370000
671 0.380000
672 0.380000
673 0.380000
674 0.380000
675 0.380000
676 0.380000
677 0.380000
678 0.390000
679 0.380000
680 0.390000
681 0.380000
682 0.390000
683 0.390000
684 0.380000
685 0.390000
686 0.390000
687 0.390000
688 0.390000
689 0.390000
690 0.390000
691 0.390000
692 0.410000
693 0.390000
694 0.400000
695 0.400000
696 0.410000
697 0.400000
698 0.390000
699 0.410000
700 0.410000
701 0.410000
702 0.420000
703 0.410000
704 0.410000
705 0.410000
706 0.420000
707 0.420000
708 0.420000
709 0.410000
710 0.420000
711 0.410000
712 0.420000
713 0.440000
714 0.420000
715 0.430000
716 0.440000
717 0.420000
718 0.420000
719 0.440000
720 0.430000
721 0.420000
722 0.430000
723 0.430000
724 0.430000
725 0.440000
726 0.430000
727 0.430000
728 0.440000
729 0.440000
730 0.440000
731 0.450000
732 0.450000
733 0.440000
734 0.450000
735 0.450000
736 0.460000
737 0.450000
738 0.450000
739 0.460000
740 0.460000
741 0.460000
742 0.460000
743 0.470000
744 0.460000
745 0.460000
746 0.450000
747 0.470000
748 0.460000
749 0.470000
750 0.460000
751 0.460000
752 0.460000
753 0.470000
754 0.470000
755 0.450000
756 0.470000
757 0.490000
758 0.470000
759 0.470000
760 0.480000
761 0.490000
762 0.480000
763 0.500000
764 0.490000
765 0.480000
766 0.490000
767 0.490000
768 0.490000
769 0.490000
770 0.490000
771 0.490000
772 0.490000
773 0.510000
774 0.490000
775 0.500000
776 0.500000
777 0.500000
778 0.500000
779 0.500000
780 0.500000
781 0.500000
782 0.510000
783 0.500000
784 0.510000
785 0.510000
786 0.520000
787 0.520000
788 0.520000
789 0.530000
790 0.510000
791 0.520000
792 0.510000
793 0.520000
794 0.510000
795 0.520000
796 0.530000
797 0.530000
798 0.520000
799 0.540000
800 0.530000
801 0.530000
802 0.550000
803 0.550000
804 0.540000
805 0.530000
806 0.550000
807 0.540000
808 0.540000
809 0.540000
810 0.550000
811 0.550000
812 0.540000
813 0.550000
814 0.550000
815 0.550000
816 0.550000
817 0.590000
818 0.620000
819 0.570000
820 0.580000
821 0.570000
822 0.590000
823 0.610000
824 0.580000
825 0.570000
826 0.560000
827 0.570000
828 0.570000
829 0.560000
830 0.570000
831 0.560000
832 0.580000
833 0.580000
834 0.580000
835 0.580000
836 0.590000
837 0.590000
838 0.590000
839 0.600000
840 0.590000
841 0.580000
842 0.600000
843 0.600000
844 0.610000
845 0.590000
846 0.590000
847 0.610000
848 0.630000
849 0.600000
850 0.590000
851 0.580000
852 0.600000
853 0.600000
854 0.600000
855 0.620000
856 0.650000
857 0.640000
858 0.620000
859 0.620000
860 0.620000
861 0.620000
862 0.630000
863 0.620000
864 0.630000
865 0.620000
866 0.630000
867 0.640000
868 0.630000
869 0.650000
870 0.640000
871 0.630000
872 0.630000
873 0.630000
874 0.680000
875 0.650000
876 0.640000
877 0.670000
878 0.670000
879 0.640000
880 0.640000
881 0.650000
882 0.640000
883 0.640000
884 0.660000
885 0.650000
886 0.650000
887 0.660000
888 0.740000
889 0.690000
890 0.660000
891 0.660000
892 0.660000
893 0.650000
894 0.660000
895 0.720000
896 0.690000
897 0.670000
898 0.670000
899 0.690000
900 0.690000
901 0.680000
902 0.680000
903 0.670000
904 0.680000
905 0.680000
906 0.680000
907 0.670000
908 0.680000
909 0.690000
910 0.750000
911 0.720000
912 0.680000
913 0.700000
914 0.710000
915 0.750000
916 0.760000
917 0.720000
918 0.700000
919 0.690000
920 0.690000
921 0.700000
922 0.710000
923 0.700000
924 0.700000
925 0.720000
926 0.720000
927 0.720000
928 0.710000
929 0.720000
930 0.710000
931 0.730000
932 0.720000
933 0.710000
934 0.710000
935 0.720000
936 0.720000
937 0.710000
938 0.740000
939 0.740000
940 0.740000
941 0.750000
942 0.760000
943 0.740000
944 0.740000
945 0.790000
946 0.770000
947 0.750000
948 0.760000
949 0.780000
950 0.740000
951 0.760000
952 0.770000
953 0.770000
954 0.770000
955 0.770000
956 0.770000
957 0.770000
958 0.780000
959 0.930000
960 0.770000
961 0.770000
962 0.760000
963 0.770000
964 0.760000
965 0.850000
966 0.790000
967 0.790000
968 0.800000
969 0.790000
970 0.780000
971 0.780000
972 0.790000
973 0.780000
974 0.920000
975 0.810000
976 0.800000
977 0.810000
978 0.850000
979 0.820000
980 0.810000
981 0.820000
982 0.840000
983 0.890000
984 0.810000
985 0.820000
986 0.820000
987 0.800000
988 0.830000
989 0.870000
990 0.860000
991 0.820000
992 0.820000
993 0.820000
994 0.820000
995 0.810000
996 0.810000
997 0.820000
998 0.840000
999 0.830000
